10
00 0 0
01 0 4
02 0 8
03 0 12
04 0 16
05 0 20
06 0 24
07 0 28
08 0 32
09 5 0
10 5 16
11 5 20
##start
12 5 24
13 5 28
14 5 32
15 10 0
16 10 12
17 10 16
18 10 20
#yoyo
19 10 24
20 10 28
21 10 32
22 15 0
23 15 8
##lol
24 15 12
25 15 16
26 15 24
27 15 28
28 15 32
29 20 0
30 20 8
31 20 12
32 20 20
33 20 24
##hello
34 20 28
35 20 32
36 25 0
37 25 8
38 25 16
39 25 24
40 25 28
41 25 32
42 30 0
43 30 4
44 30 24
45 30 28
46 30 32
##end
47 35 00
48 35 32
49 40 0
50 40 4
51 40 8
52 40 12
53 40 16
##mdr
54 40 20
55 40 24
56 40 28
#yes
57 40 32
00-01
00-09
01-02
02-03
04-03
05-04
05-12
05-06
06-12
07-12
07-08
08-14
09-15
22-29
29-36
10-17
10-11
12-11
12-13
12-18
12-19
12-20
13-20
14-21
15-22
16-24
#lol
16-17
18-25
10-27
21-28
27-20
23-30
##comeon
23-24
25-31
26-33
27-34
28-35
30-37
31-37
32-38
32-33
34-40
35-41
36-42
#yeah
37-43
39-44
39-40
40-45
41-46
42-47
43-47
44-45
46-48
47-49
48-57
47-49
49-50
50-51
51-52
52-53
53-54
54-55
55-56
56-57
